  1.9164131e-001
  2.4996670e-001
  6.5941218e-001
  8.3322446e-001
  0.0000000e+000
  1.5129570e+000
  0.0000000e+000
  2.3955163e-001
  3.9564667e-001
  0.0000000e+000
  1.4220360e+000
  0.0000000e+000
  3.1940218e+000
  1.3887032e+000
  0.0000000e+000
  0.0000000e+000
  3.1940218e+000
  3.1940218e+000
  0.0000000e+000
  3.1940218e+000
  2.8746196e+000
  3.1940218e+000
  0.0000000e+000
  3.1940218e+000
  0.0000000e+000
  3.1940218e+000
  0.0000000e+000
  3.1940218e+000
  3.1940218e+000
  3.1940218e+000
  1.7651186e+000
  0.0000000e+000
  2.2219276e-001
  0.0000000e+000
  0.0000000e+000
  0.0000000e+000
  0.0000000e+000
  2.4842399e-001
  6.3880435e-001
  3.1940218e+000
  9.5820653e-002
  1.1109638e-001
  0.0000000e+000
  4.4510226e-001
  1.2363930e+000
  0.0000000e+000
  0.0000000e+000
  0.0000000e+000
  3.1940218e+000
  0.0000000e+000
  3.1940218e+000
  3.1940218e+000
  0.0000000e+000
  2.5552174e+000
  1.7034804e+000
  2.2255113e+000
  3.1940218e+000
  0.0000000e+000
  0.0000000e+000
  0.0000000e+000
  0.0000000e+000
  1.8620922e+000
  0.0000000e+000
  0.0000000e+000
  1.1109638e-001
  8.4729055e-001
  1.2191171e+000
  0.0000000e+000
  3.1940218e+000
  0.0000000e+000
  8.2426203e-001
  9.7209414e-001
  0.0000000e+000
  3.0662609e+000
  5.5862765e+000
  3.1940218e+000
  3.1940218e+000
  3.1940218e+000
  3.1940218e+000
  3.1940218e+000
  3.1940218e+000
  0.0000000e+000
  0.0000000e+000
  0.0000000e+000
  0.0000000e+000
  3.1940218e+000
  3.1940218e+000
  3.1940218e+000
  3.1940218e+000
  0.0000000e+000
  0.0000000e+000
  0.0000000e+000
  0.0000000e+000
  0.0000000e+000
  0.0000000e+000
  0.0000000e+000
  0.0000000e+000
  0.0000000e+000
  0.0000000e+000
  2.7774127e+000
  3.1940218e+000
  0.0000000e+000
  3.1940218e+000
  8.4053238e-001
  3.1940218e+000
  0.0000000e+000
  0.0000000e+000
  0.0000000e+000
  0.0000000e+000
  0.0000000e+000
  0.0000000e+000
  0.0000000e+000
  0.0000000e+000
  0.0000000e+000
  0.0000000e+000
  0.0000000e+000
  0.0000000e+000
  0.0000000e+000
  0.0000000e+000
  0.0000000e+000
  0.0000000e+000
  0.0000000e+000
  0.0000000e+000
  0.0000000e+000
  0.0000000e+000
  0.0000000e+000
  0.0000000e+000
  0.0000000e+000
  0.0000000e+000
  0.0000000e+000
  0.0000000e+000
  0.0000000e+000
  0.0000000e+000
  0.0000000e+000
  0.0000000e+000
  0.0000000e+000
  0.0000000e+000
  0.0000000e+000
  0.0000000e+000
  0.0000000e+000
  0.0000000e+000
  0.0000000e+000
  0.0000000e+000
  0.0000000e+000
  0.0000000e+000
  0.0000000e+000
  3.1940218e+000
  0.0000000e+000
  0.0000000e+000
  0.0000000e+000
  0.0000000e+000
  0.0000000e+000
  0.0000000e+000
  0.0000000e+000
  0.0000000e+000
  0.0000000e+000
  0.0000000e+000
  0.0000000e+000
  0.0000000e+000
  0.0000000e+000
  0.0000000e+000
  0.0000000e+000
  2.2219276e+000
  0.0000000e+000
  0.0000000e+000
  0.0000000e+000
  0.0000000e+000
  0.0000000e+000
  0.0000000e+000
  0.0000000e+000
  0.0000000e+000
  0.0000000e+000
  0.0000000e+000
  0.0000000e+000
  0.0000000e+000
  0.0000000e+000
  0.0000000e+000
  0.0000000e+000
  0.0000000e+000
  0.0000000e+000
  0.0000000e+000
  0.0000000e+000
  0.0000000e+000
  0.0000000e+000
  3.1107025e+000
  0.0000000e+000
  0.0000000e+000
  0.0000000e+000
  0.0000000e+000
  0.0000000e+000
  0.0000000e+000
  0.0000000e+000
  0.0000000e+000
  0.0000000e+000
  0.0000000e+000
  0.0000000e+000
  0.0000000e+000
  0.0000000e+000
  0.0000000e+000
  0.0000000e+000
  0.0000000e+000
  0.0000000e+000
  0.0000000e+000
  2.7774127e-001
  0.0000000e+000
  0.0000000e+000
  0.0000000e+000
  0.0000000e+000
  0.0000000e+000
  2.7774127e-001
  2.7774127e-001
  2.2219276e-001
  2.7774127e-001
  2.2219276e-001
  0.0000000e+000
  0.0000000e+000
  0.0000000e+000
  0.0000000e+000
  0.0000000e+000
  0.0000000e+000
  0.0000000e+000
  0.0000000e+000
  0.0000000e+000
  0.0000000e+000
  0.0000000e+000
  0.0000000e+000
  0.0000000e+000
  0.0000000e+000
  0.0000000e+000
  0.0000000e+000
  0.0000000e+000
  0.0000000e+000
  0.0000000e+000
  0.0000000e+000
  1.9164131e-001
  2.4996670e-001
  6.5941218e-001
  8.3322446e-001
  0.0000000e+000
  1.5129570e+000
  0.0000000e+000
  2.3955163e-001
  3.9564667e-001
  0.0000000e+000
  1.4220360e+000
  0.0000000e+000
  3.1940218e+000
  1.3887032e+000
  0.0000000e+000
  0.0000000e+000
  3.1940218e+000
  3.1940218e+000
  0.0000000e+000
  3.1940218e+000
  2.8746196e+000
  3.1940218e+000
  0.0000000e+000
  3.1940218e+000
  0.0000000e+000
  3.1940218e+000
  0.0000000e+000
  3.1940218e+000
  3.1940218e+000
  3.1940218e+000
  1.7651186e+000
  0.0000000e+000
  2.2219276e-001
  0.0000000e+000
  0.0000000e+000
  0.0000000e+000
  0.0000000e+000
  2.4842399e-001
  6.3880435e-001
  3.1940218e+000
  9.5820653e-002
  1.1109638e-001
  0.0000000e+000
  4.4510226e-001
  1.2363930e+000
  0.0000000e+000
  0.0000000e+000
  0.0000000e+000
  3.1940218e+000
  0.0000000e+000
  3.1940218e+000
  3.1940218e+000
  0.0000000e+000
  2.5552174e+000
  1.7034804e+000
  2.2255113e+000
  3.1940218e+000
  0.0000000e+000
  0.0000000e+000
  0.0000000e+000
  0.0000000e+000
  1.9956512e+000
  0.0000000e+000
  0.0000000e+000
  1.1109638e-001
  8.7236083e-001
  1.0597517e+000
  0.0000000e+000
  3.1753934e+000
  0.0000000e+000
  8.2426203e-001
  9.7209414e-001
  0.0000000e+000
  3.0662609e+000
  5.9869536e+000
  3.1940218e+000
  3.1940218e+000
  3.1940218e+000
  3.1940218e+000
  3.1940218e+000
  3.1940218e+000
  0.0000000e+000
  0.0000000e+000
  2.8981688e+000
  0.0000000e+000
  0.0000000e+000
  3.1940218e+000
  3.1940218e+000
  3.1940218e+000
  0.0000000e+000
  0.0000000e+000
  0.0000000e+000
  0.0000000e+000
  0.0000000e+000
  0.0000000e+000
  0.0000000e+000
  0.0000000e+000
  0.0000000e+000
  0.0000000e+000
  2.7774127e+000
  3.1940218e+000
  0.0000000e+000
  3.1940218e+000
  8.4053238e-001
  3.1940218e+000
  0.0000000e+000
  0.0000000e+000
  0.0000000e+000
  0.0000000e+000
  0.0000000e+000
  0.0000000e+000
  0.0000000e+000
  0.0000000e+000
  0.0000000e+000
  0.0000000e+000
  0.0000000e+000
  0.0000000e+000
  0.0000000e+000
  0.0000000e+000
  0.0000000e+000
  0.0000000e+000
  0.0000000e+000
  0.0000000e+000
  0.0000000e+000
  0.0000000e+000
  0.0000000e+000
  0.0000000e+000
  0.0000000e+000
  0.0000000e+000
  0.0000000e+000
  0.0000000e+000
  0.0000000e+000
  0.0000000e+000
  0.0000000e+000
  0.0000000e+000
  0.0000000e+000
  0.0000000e+000
  0.0000000e+000
  0.0000000e+000
  0.0000000e+000
  0.0000000e+000
  0.0000000e+000
  0.0000000e+000
  0.0000000e+000
  0.0000000e+000
  0.0000000e+000
  3.1940218e+000
  0.0000000e+000
  0.0000000e+000
  0.0000000e+000
  0.0000000e+000
  0.0000000e+000
  0.0000000e+000
  0.0000000e+000
  0.0000000e+000
  0.0000000e+000
  0.0000000e+000
  0.0000000e+000
  0.0000000e+000
  0.0000000e+000
  0.0000000e+000
  0.0000000e+000
  2.2333377e+000
  0.0000000e+000
  0.0000000e+000
  0.0000000e+000
  0.0000000e+000
  0.0000000e+000
  0.0000000e+000
  0.0000000e+000
  0.0000000e+000
  0.0000000e+000
  0.0000000e+000
  0.0000000e+000
  0.0000000e+000
  0.0000000e+000
  0.0000000e+000
  0.0000000e+000
  0.0000000e+000
  0.0000000e+000
  0.0000000e+000
  0.0000000e+000
  0.0000000e+000
  0.0000000e+000
  3.1107025e+000
  0.0000000e+000
  0.0000000e+000
  0.0000000e+000
  0.0000000e+000
  0.0000000e+000
  0.0000000e+000
  0.0000000e+000
  0.0000000e+000
  0.0000000e+000
  0.0000000e+000
  0.0000000e+000
  0.0000000e+000
  0.0000000e+000
  0.0000000e+000
  0.0000000e+000
  0.0000000e+000
  0.0000000e+000
  0.0000000e+000
  2.7774127e-001
  0.0000000e+000
  0.0000000e+000
  0.0000000e+000
  0.0000000e+000
  0.0000000e+000
  2.7774127e-001
  2.7774127e-001
  2.2219276e-001
  2.7774127e-001
  2.2219276e-001
  0.0000000e+000
  0.0000000e+000
  0.0000000e+000
  0.0000000e+000
  0.0000000e+000
  0.0000000e+000
  0.0000000e+000
  0.0000000e+000
  0.0000000e+000
  0.0000000e+000
  0.0000000e+000
  0.0000000e+000
  0.0000000e+000
  0.0000000e+000
  0.0000000e+000
  0.0000000e+000
  0.0000000e+000
  0.0000000e+000
  0.0000000e+000
  0.0000000e+000
