  2.3371183e-001
  3.0484125e-001
  8.0417126e-001
  1.0161401e+000
  0.0000000e+000
  1.8450926e+000
  0.0000000e+000
  2.9213979e-001
  4.8250198e-001
  0.0000000e+000
  1.7342119e+000
  0.0000000e+000
  3.8951972e+000
  1.6935616e+000
  0.0000000e+000
  0.0000000e+000
  3.8951972e+000
  3.8951972e+000
  0.0000000e+000
  3.8951972e+000
  3.5056775e+000
  3.8951972e+000
  0.0000000e+000
  3.8951972e+000
  0.0000000e+000
  3.8951972e+000
  0.0000000e+000
  3.8951972e+000
  3.8951972e+000
  3.8951972e+000
  2.1526106e+000
  0.0000000e+000
  2.7097017e-001
  0.0000000e+000
  0.0000000e+000
  0.0000000e+000
  0.0000000e+000
  3.0295987e-001
  7.7903945e-001
  3.8951972e+000
  1.1685592e-001
  1.3548509e-001
  0.0000000e+000
  5.4281443e-001
  1.5078153e+000
  0.0000000e+000
  0.0000000e+000
  0.0000000e+000
  3.8951972e+000
  0.0000000e+000
  3.8951972e+000
  3.8951972e+000
  0.0000000e+000
  3.1161578e+000
  2.0774411e+000
  2.7140722e+000
  3.8951972e+000
  0.0000000e+000
  0.0000000e+000
  0.0000000e+000
  0.0000000e+000
  2.2831530e+000
  0.0000000e+000
  0.0000000e+000
  1.3548509e-001
  1.4203609e+000
  1.7934297e+000
  0.0000000e+000
  3.8951972e+000
  0.0000000e+000
  1.0052102e+000
  1.1854955e+000
  0.0000000e+000
  3.7393893e+000
  6.8494591e+000
  3.8951972e+000
  3.8951972e+000
  3.8951972e+000
  3.8951972e+000
  3.8951972e+000
  3.8951972e+000
  0.0000000e+000
  0.0000000e+000
  0.0000000e+000
  0.0000000e+000
  3.8951972e+000
  3.8951972e+000
  3.8951972e+000
  3.8951972e+000
  0.0000000e+000
  0.0000000e+000
  0.0000000e+000
  0.0000000e+000
  0.0000000e+000
  0.0000000e+000
  0.0000000e+000
  0.0000000e+000
  0.0000000e+000
  0.0000000e+000
  3.3871311e+000
  3.8951972e+000
  0.0000000e+000
  3.8951972e+000
  1.0250523e+000
  3.8951972e+000
  0.0000000e+000
  0.0000000e+000
  0.0000000e+000
  0.0000000e+000
  0.0000000e+000
  0.0000000e+000
  0.0000000e+000
  0.0000000e+000
  0.0000000e+000
  0.0000000e+000
  0.0000000e+000
  0.0000000e+000
  0.0000000e+000
  0.0000000e+000
  0.0000000e+000
  0.0000000e+000
  0.0000000e+000
  0.0000000e+000
  0.0000000e+000
  0.0000000e+000
  0.0000000e+000
  0.0000000e+000
  0.0000000e+000
  0.0000000e+000
  0.0000000e+000
  0.0000000e+000
  0.0000000e+000
  0.0000000e+000
  0.0000000e+000
  0.0000000e+000
  0.0000000e+000
  0.0000000e+000
  0.0000000e+000
  0.0000000e+000
  0.0000000e+000
  0.0000000e+000
  0.0000000e+000
  0.0000000e+000
  0.0000000e+000
  0.0000000e+000
  0.0000000e+000
  3.8951972e+000
  0.0000000e+000
  0.0000000e+000
  0.0000000e+000
  0.0000000e+000
  0.0000000e+000
  0.0000000e+000
  0.0000000e+000
  0.0000000e+000
  0.0000000e+000
  0.0000000e+000
  0.0000000e+000
  0.0000000e+000
  0.0000000e+000
  0.0000000e+000
  0.0000000e+000
  2.7097017e+000
  0.0000000e+000
  0.0000000e+000
  0.0000000e+000
  0.0000000e+000
  0.0000000e+000
  0.0000000e+000
  0.0000000e+000
  0.0000000e+000
  0.0000000e+000
  0.0000000e+000
  0.0000000e+000
  0.0000000e+000
  0.0000000e+000
  0.0000000e+000
  0.0000000e+000
  0.0000000e+000
  0.0000000e+000
  0.0000000e+000
  0.0000000e+000
  0.0000000e+000
  0.0000000e+000
  3.7935871e+000
  0.0000000e+000
  0.0000000e+000
  0.0000000e+000
  0.0000000e+000
  0.0000000e+000
  0.0000000e+000
  0.0000000e+000
  0.0000000e+000
  0.0000000e+000
  0.0000000e+000
  0.0000000e+000
  0.0000000e+000
  0.0000000e+000
  0.0000000e+000
  0.0000000e+000
  0.0000000e+000
  0.0000000e+000
  0.0000000e+000
  3.3871311e-001
  0.0000000e+000
  0.0000000e+000
  0.0000000e+000
  0.0000000e+000
  0.0000000e+000
  3.3871311e-001
  3.3871311e-001
  2.7097017e-001
  3.3871311e-001
  2.7097017e-001
  0.0000000e+000
  0.0000000e+000
  0.0000000e+000
  0.0000000e+000
  0.0000000e+000
  0.0000000e+000
  0.0000000e+000
  0.0000000e+000
  0.0000000e+000
  0.0000000e+000
  0.0000000e+000
  0.0000000e+000
  0.0000000e+000
  0.0000000e+000
  0.0000000e+000
  0.0000000e+000
  0.0000000e+000
  0.0000000e+000
  0.0000000e+000
  0.0000000e+000
  2.3371183e-001
  3.0484125e-001
  8.0417126e-001
  1.0161401e+000
  0.0000000e+000
  1.8450926e+000
  0.0000000e+000
  2.9213979e-001
  4.8250198e-001
  0.0000000e+000
  1.7342119e+000
  0.0000000e+000
  3.8951972e+000
  1.6935616e+000
  0.0000000e+000
  0.0000000e+000
  3.8951972e+000
  3.8951972e+000
  0.0000000e+000
  3.8951972e+000
  3.5056775e+000
  3.8951972e+000
  0.0000000e+000
  3.8951972e+000
  0.0000000e+000
  3.8951972e+000
  0.0000000e+000
  3.8951972e+000
  3.8951972e+000
  3.8951972e+000
  2.1526106e+000
  0.0000000e+000
  2.7097017e-001
  0.0000000e+000
  0.0000000e+000
  0.0000000e+000
  0.0000000e+000
  3.0295987e-001
  7.7903945e-001
  3.8951972e+000
  1.1685592e-001
  1.3548509e-001
  0.0000000e+000
  5.4281443e-001
  1.5078153e+000
  0.0000000e+000
  0.0000000e+000
  0.0000000e+000
  3.8951972e+000
  0.0000000e+000
  3.8951972e+000
  3.8951972e+000
  0.0000000e+000
  3.1161578e+000
  2.0774411e+000
  2.7140722e+000
  3.8951972e+000
  0.0000000e+000
  0.0000000e+000
  0.0000000e+000
  0.0000000e+000
  2.4125060e+000
  0.0000000e+000
  0.0000000e+000
  1.3548509e-001
  1.2601305e+000
  1.8093814e+000
  0.0000000e+000
  3.8951972e+000
  0.0000000e+000
  1.0052102e+000
  1.1854955e+000
  0.0000000e+000
  3.7393893e+000
  7.2375180e+000
  3.8951972e+000
  3.8951972e+000
  3.8951972e+000
  3.8951972e+000
  3.8951972e+000
  3.8951972e+000
  0.0000000e+000
  0.0000000e+000
  4.6042679e+000
  0.0000000e+000
  0.0000000e+000
  3.8951972e+000
  3.8951972e+000
  3.8951972e+000
  0.0000000e+000
  0.0000000e+000
  0.0000000e+000
  0.0000000e+000
  0.0000000e+000
  0.0000000e+000
  0.0000000e+000
  0.0000000e+000
  0.0000000e+000
  0.0000000e+000
  3.3871311e+000
  3.8951972e+000
  0.0000000e+000
  3.8951972e+000
  1.0250523e+000
  3.8951972e+000
  0.0000000e+000
  0.0000000e+000
  0.0000000e+000
  0.0000000e+000
  0.0000000e+000
  0.0000000e+000
  0.0000000e+000
  0.0000000e+000
  0.0000000e+000
  0.0000000e+000
  0.0000000e+000
  0.0000000e+000
  0.0000000e+000
  0.0000000e+000
  0.0000000e+000
  0.0000000e+000
  0.0000000e+000
  0.0000000e+000
  0.0000000e+000
  0.0000000e+000
  0.0000000e+000
  0.0000000e+000
  0.0000000e+000
  0.0000000e+000
  0.0000000e+000
  0.0000000e+000
  0.0000000e+000
  0.0000000e+000
  0.0000000e+000
  0.0000000e+000
  0.0000000e+000
  0.0000000e+000
  0.0000000e+000
  0.0000000e+000
  0.0000000e+000
  0.0000000e+000
  0.0000000e+000
  0.0000000e+000
  0.0000000e+000
  0.0000000e+000
  0.0000000e+000
  3.8951972e+000
  0.0000000e+000
  0.0000000e+000
  0.0000000e+000
  0.0000000e+000
  0.0000000e+000
  0.0000000e+000
  0.0000000e+000
  0.0000000e+000
  0.0000000e+000
  0.0000000e+000
  0.0000000e+000
  0.0000000e+000
  0.0000000e+000
  0.0000000e+000
  0.0000000e+000
  2.7435026e+000
  0.0000000e+000
  0.0000000e+000
  0.0000000e+000
  0.0000000e+000
  0.0000000e+000
  0.0000000e+000
  0.0000000e+000
  0.0000000e+000
  0.0000000e+000
  0.0000000e+000
  0.0000000e+000
  0.0000000e+000
  0.0000000e+000
  0.0000000e+000
  0.0000000e+000
  0.0000000e+000
  0.0000000e+000
  0.0000000e+000
  0.0000000e+000
  0.0000000e+000
  0.0000000e+000
  3.7935871e+000
  0.0000000e+000
  0.0000000e+000
  0.0000000e+000
  0.0000000e+000
  0.0000000e+000
  0.0000000e+000
  0.0000000e+000
  0.0000000e+000
  0.0000000e+000
  0.0000000e+000
  0.0000000e+000
  0.0000000e+000
  0.0000000e+000
  0.0000000e+000
  0.0000000e+000
  0.0000000e+000
  0.0000000e+000
  0.0000000e+000
  3.3871311e-001
  0.0000000e+000
  0.0000000e+000
  0.0000000e+000
  0.0000000e+000
  0.0000000e+000
  3.3871311e-001
  3.3871311e-001
  2.7097017e-001
  3.3871311e-001
  2.7097017e-001
  0.0000000e+000
  0.0000000e+000
  0.0000000e+000
  0.0000000e+000
  0.0000000e+000
  0.0000000e+000
  0.0000000e+000
  0.0000000e+000
  0.0000000e+000
  0.0000000e+000
  0.0000000e+000
  0.0000000e+000
  0.0000000e+000
  0.0000000e+000
  0.0000000e+000
  0.0000000e+000
  0.0000000e+000
  0.0000000e+000
  0.0000000e+000
  0.0000000e+000
