  1.4106777e-001
  1.8400128e-001
  4.8539539e-001
  6.1333916e-001
  0.0000000e+000
  1.1136924e+000
  0.0000000e+000
  1.7633471e-001
  2.9123676e-001
  0.0000000e+000
  1.0467652e+000
  0.0000000e+000
  2.3511295e+000
  1.0222288e+000
  0.0000000e+000
  0.0000000e+000
  2.3511295e+000
  2.3511295e+000
  0.0000000e+000
  2.3511295e+000
  2.1160166e+000
  2.3511295e+000
  0.0000000e+000
  2.3511295e+000
  0.0000000e+000
  2.3511295e+000
  0.0000000e+000
  2.3511295e+000
  2.3511295e+000
  2.3511295e+000
  1.2993094e+000
  0.0000000e+000
  1.6355679e-001
  0.0000000e+000
  0.0000000e+000
  0.0000000e+000
  0.0000000e+000
  1.8286568e-001
  4.7022590e-001
  2.3511295e+000
  7.0533885e-002
  8.1778397e-002
  0.0000000e+000
  3.2764118e-001
  9.1011283e-001
  0.0000000e+000
  0.0000000e+000
  0.0000000e+000
  2.3511295e+000
  0.0000000e+000
  2.3511295e+000
  2.3511295e+000
  0.0000000e+000
  1.8809036e+000
  1.2539373e+000
  1.6382059e+000
  2.3511295e+000
  0.0000000e+000
  0.0000000e+000
  0.0000000e+000
  0.0000000e+000
  1.4185157e+000
  0.0000000e+000
  0.0000000e+000
  8.1778397e-002
  4.5910257e-001
  7.5985004e-001
  0.0000000e+000
  2.3511295e+000
  0.0000000e+000
  6.0674189e-001
  7.1556157e-001
  0.0000000e+000
  2.2570843e+000
  2.1277736e+001
  2.3511295e+000
  2.3511295e+000
  2.3511295e+000
  2.3511295e+000
  2.3511295e+000
  2.3511295e+000
  0.0000000e+000
  0.0000000e+000
  0.0000000e+000
  0.0000000e+000
  2.3511295e+000
  2.3511295e+000
  2.3511295e+000
  2.3511295e+000
  0.0000000e+000
  0.0000000e+000
  0.0000000e+000
  0.0000000e+000
  0.0000000e+000
  0.0000000e+000
  0.0000000e+000
  0.0000000e+000
  0.0000000e+000
  0.0000000e+000
  2.0444623e+000
  2.3511295e+000
  0.0000000e+000
  2.3511295e+000
  6.1871854e-001
  2.3511295e+000
  0.0000000e+000
  0.0000000e+000
  0.0000000e+000
  0.0000000e+000
  0.0000000e+000
  0.0000000e+000
  0.0000000e+000
  0.0000000e+000
  0.0000000e+000
  0.0000000e+000
  0.0000000e+000
  0.0000000e+000
  0.0000000e+000
  0.0000000e+000
  0.0000000e+000
  0.0000000e+000
  0.0000000e+000
  0.0000000e+000
  0.0000000e+000
  0.0000000e+000
  0.0000000e+000
  0.0000000e+000
  0.0000000e+000
  0.0000000e+000
  0.0000000e+000
  0.0000000e+000
  0.0000000e+000
  0.0000000e+000
  0.0000000e+000
  0.0000000e+000
  0.0000000e+000
  0.0000000e+000
  0.0000000e+000
  0.0000000e+000
  0.0000000e+000
  0.0000000e+000
  0.0000000e+000
  0.0000000e+000
  0.0000000e+000
  0.0000000e+000
  0.0000000e+000
  2.3511295e+000
  0.0000000e+000
  0.0000000e+000
  0.0000000e+000
  0.0000000e+000
  0.0000000e+000
  0.0000000e+000
  0.0000000e+000
  0.0000000e+000
  0.0000000e+000
  0.0000000e+000
  0.0000000e+000
  0.0000000e+000
  0.0000000e+000
  0.0000000e+000
  0.0000000e+000
  1.6355679e+000
  0.0000000e+000
  0.0000000e+000
  0.0000000e+000
  0.0000000e+000
  0.0000000e+000
  0.0000000e+000
  0.0000000e+000
  0.0000000e+000
  0.0000000e+000
  0.0000000e+000
  0.0000000e+000
  0.0000000e+000
  0.0000000e+000
  0.0000000e+000
  0.0000000e+000
  0.0000000e+000
  0.0000000e+000
  0.0000000e+000
  0.0000000e+000
  0.0000000e+000
  0.0000000e+000
  2.2897979e+000
  0.0000000e+000
  0.0000000e+000
  0.0000000e+000
  0.0000000e+000
  0.0000000e+000
  0.0000000e+000
  0.0000000e+000
  0.0000000e+000
  0.0000000e+000
  0.0000000e+000
  0.0000000e+000
  0.0000000e+000
  0.0000000e+000
  0.0000000e+000
  0.0000000e+000
  0.0000000e+000
  0.0000000e+000
  0.0000000e+000
  2.0444623e-001
  0.0000000e+000
  0.0000000e+000
  0.0000000e+000
  0.0000000e+000
  0.0000000e+000
  2.0444623e-001
  2.0444623e-001
  1.6355679e-001
  2.0444623e-001
  1.6355679e-001
  0.0000000e+000
  0.0000000e+000
  0.0000000e+000
  0.0000000e+000
  0.0000000e+000
  0.0000000e+000
  0.0000000e+000
  0.0000000e+000
  0.0000000e+000
  0.0000000e+000
  0.0000000e+000
  0.0000000e+000
  0.0000000e+000
  0.0000000e+000
  0.0000000e+000
  0.0000000e+000
  0.0000000e+000
  0.0000000e+000
  0.0000000e+000
  0.0000000e+000
  1.4106777e-001
  1.8400128e-001
  4.8539539e-001
  6.1333916e-001
  0.0000000e+000
  1.1136924e+000
  0.0000000e+000
  1.7633471e-001
  2.9123676e-001
  0.0000000e+000
  1.0467652e+000
  0.0000000e+000
  2.3511295e+000
  1.0222288e+000
  0.0000000e+000
  0.0000000e+000
  2.3511295e+000
  2.3511295e+000
  0.0000000e+000
  2.3511295e+000
  2.1160166e+000
  2.3511295e+000
  0.0000000e+000
  2.3511295e+000
  0.0000000e+000
  2.3511295e+000
  0.0000000e+000
  2.3511295e+000
  2.3511295e+000
  2.3511295e+000
  1.2993094e+000
  0.0000000e+000
  1.6355679e-001
  0.0000000e+000
  0.0000000e+000
  0.0000000e+000
  0.0000000e+000
  1.8286568e-001
  4.7022590e-001
  2.3511295e+000
  7.0533885e-002
  8.1778397e-002
  0.0000000e+000
  3.2764118e-001
  9.1011283e-001
  0.0000000e+000
  0.0000000e+000
  0.0000000e+000
  2.3511295e+000
  0.0000000e+000
  2.3511295e+000
  2.3511295e+000
  0.0000000e+000
  1.8809036e+000
  1.2539373e+000
  1.6382059e+000
  2.3511295e+000
  0.0000000e+000
  0.0000000e+000
  0.0000000e+000
  0.0000000e+000
  1.4561815e+000
  0.0000000e+000
  0.0000000e+000
  8.1778397e-002
  7.9295888e-001
  1.0126044e+000
  0.0000000e+000
  2.3511295e+000
  0.0000000e+000
  6.0674189e-001
  7.1556157e-001
  0.0000000e+000
  2.2570843e+000
  2.1842722e+001
  2.3511295e+000
  2.3511295e+000
  2.3511295e+000
  2.3511295e+000
  2.3511295e+000
  2.3511295e+000
  0.0000000e+000
  0.0000000e+000
  2.7083450e+000
  0.0000000e+000
  0.0000000e+000
  2.3511295e+000
  2.3511295e+000
  2.3511295e+000
  0.0000000e+000
  0.0000000e+000
  0.0000000e+000
  0.0000000e+000
  0.0000000e+000
  0.0000000e+000
  0.0000000e+000
  0.0000000e+000
  0.0000000e+000
  0.0000000e+000
  2.0444623e+000
  2.3511295e+000
  0.0000000e+000
  2.3511295e+000
  6.1871854e-001
  2.3511295e+000
  0.0000000e+000
  0.0000000e+000
  0.0000000e+000
  0.0000000e+000
  0.0000000e+000
  0.0000000e+000
  0.0000000e+000
  0.0000000e+000
  0.0000000e+000
  0.0000000e+000
  0.0000000e+000
  0.0000000e+000
  0.0000000e+000
  0.0000000e+000
  0.0000000e+000
  0.0000000e+000
  0.0000000e+000
  0.0000000e+000
  0.0000000e+000
  0.0000000e+000
  0.0000000e+000
  0.0000000e+000
  0.0000000e+000
  0.0000000e+000
  0.0000000e+000
  0.0000000e+000
  0.0000000e+000
  0.0000000e+000
  0.0000000e+000
  0.0000000e+000
  0.0000000e+000
  0.0000000e+000
  0.0000000e+000
  0.0000000e+000
  0.0000000e+000
  0.0000000e+000
  0.0000000e+000
  0.0000000e+000
  0.0000000e+000
  0.0000000e+000
  0.0000000e+000
  2.3511295e+000
  0.0000000e+000
  0.0000000e+000
  0.0000000e+000
  0.0000000e+000
  0.0000000e+000
  0.0000000e+000
  0.0000000e+000
  0.0000000e+000
  0.0000000e+000
  0.0000000e+000
  0.0000000e+000
  0.0000000e+000
  0.0000000e+000
  0.0000000e+000
  0.0000000e+000
  1.6260697e+000
  0.0000000e+000
  0.0000000e+000
  0.0000000e+000
  0.0000000e+000
  0.0000000e+000
  0.0000000e+000
  0.0000000e+000
  0.0000000e+000
  0.0000000e+000
  0.0000000e+000
  0.0000000e+000
  0.0000000e+000
  0.0000000e+000
  0.0000000e+000
  0.0000000e+000
  0.0000000e+000
  0.0000000e+000
  0.0000000e+000
  0.0000000e+000
  0.0000000e+000
  0.0000000e+000
  2.2897979e+000
  0.0000000e+000
  0.0000000e+000
  0.0000000e+000
  0.0000000e+000
  0.0000000e+000
  0.0000000e+000
  0.0000000e+000
  0.0000000e+000
  0.0000000e+000
  0.0000000e+000
  0.0000000e+000
  0.0000000e+000
  0.0000000e+000
  0.0000000e+000
  0.0000000e+000
  0.0000000e+000
  0.0000000e+000
  0.0000000e+000
  2.0444623e-001
  0.0000000e+000
  0.0000000e+000
  0.0000000e+000
  0.0000000e+000
  0.0000000e+000
  2.0444623e-001
  2.0444623e-001
  1.6355679e-001
  2.0444623e-001
  1.6355679e-001
  0.0000000e+000
  0.0000000e+000
  0.0000000e+000
  0.0000000e+000
  0.0000000e+000
  0.0000000e+000
  0.0000000e+000
  0.0000000e+000
  0.0000000e+000
  0.0000000e+000
  0.0000000e+000
  0.0000000e+000
  0.0000000e+000
  0.0000000e+000
  0.0000000e+000
  0.0000000e+000
  0.0000000e+000
  0.0000000e+000
  0.0000000e+000
  0.0000000e+000
