  2.6376380e-001
  3.4403944e-001
  9.0757608e-001
  1.1468011e+000
  0.0000000e+000
  2.0823449e+000
  0.0000000e+000
  3.2970475e-001
  5.4454477e-001
  0.0000000e+000
  1.9572065e+000
  0.0000000e+000
  4.3960634e+000
  1.9113292e+000
  0.0000000e+000
  0.0000000e+000
  4.3960634e+000
  4.3960634e+000
  0.0000000e+000
  4.3960634e+000
  3.9564570e+000
  4.3960634e+000
  0.0000000e+000
  4.3960634e+000
  0.0000000e+000
  4.3960634e+000
  0.0000000e+000
  4.3960634e+000
  4.3960634e+000
  4.3960634e+000
  2.4294053e+000
  0.0000000e+000
  3.0581303e-001
  0.0000000e+000
  0.0000000e+000
  0.0000000e+000
  0.0000000e+000
  3.4191614e-001
  8.7921268e-001
  4.3960634e+000
  1.3188190e-001
  1.5290651e-001
  0.0000000e+000
  6.1261253e-001
  1.7016986e+000
  0.0000000e+000
  0.0000000e+000
  0.0000000e+000
  4.3960634e+000
  0.0000000e+000
  4.3960634e+000
  4.3960634e+000
  0.0000000e+000
  3.5168507e+000
  2.3445701e+000
  3.0630627e+000
  4.3960634e+000
  0.0000000e+000
  0.0000000e+000
  0.0000000e+000
  0.0000000e+000
  2.6528367e+000
  0.0000000e+000
  0.0000000e+000
  1.5290651e-001
  1.7041412e+000
  2.0242110e+000
  0.0000000e+000
  4.3960634e+000
  0.0000000e+000
  1.1344657e+000
  1.3379331e+000
  0.0000000e+000
  4.2202208e+000
  7.9585102e+000
  4.3960634e+000
  4.3960634e+000
  4.3960634e+000
  4.3960634e+000
  4.3960634e+000
  4.3960634e+000
  0.0000000e+000
  0.0000000e+000
  0.0000000e+000
  0.0000000e+000
  4.3960634e+000
  4.3960634e+000
  4.3960634e+000
  4.3960634e+000
  0.0000000e+000
  0.0000000e+000
  0.0000000e+000
  0.0000000e+000
  0.0000000e+000
  0.0000000e+000
  0.0000000e+000
  0.0000000e+000
  0.0000000e+000
  0.0000000e+000
  3.8226673e+000
  4.3960634e+000
  0.0000000e+000
  4.3960634e+000
  1.1568592e+000
  4.3960634e+000
  0.0000000e+000
  0.0000000e+000
  0.0000000e+000
  0.0000000e+000
  0.0000000e+000
  0.0000000e+000
  0.0000000e+000
  0.0000000e+000
  0.0000000e+000
  0.0000000e+000
  0.0000000e+000
  0.0000000e+000
  0.0000000e+000
  0.0000000e+000
  0.0000000e+000
  0.0000000e+000
  0.0000000e+000
  0.0000000e+000
  0.0000000e+000
  0.0000000e+000
  0.0000000e+000
  0.0000000e+000
  0.0000000e+000
  0.0000000e+000
  0.0000000e+000
  0.0000000e+000
  0.0000000e+000
  0.0000000e+000
  0.0000000e+000
  0.0000000e+000
  0.0000000e+000
  0.0000000e+000
  0.0000000e+000
  0.0000000e+000
  0.0000000e+000
  0.0000000e+000
  0.0000000e+000
  0.0000000e+000
  0.0000000e+000
  0.0000000e+000
  0.0000000e+000
  4.3960634e+000
  0.0000000e+000
  0.0000000e+000
  0.0000000e+000
  0.0000000e+000
  0.0000000e+000
  0.0000000e+000
  0.0000000e+000
  0.0000000e+000
  0.0000000e+000
  0.0000000e+000
  0.0000000e+000
  0.0000000e+000
  0.0000000e+000
  0.0000000e+000
  0.0000000e+000
  3.0581303e+000
  0.0000000e+000
  0.0000000e+000
  0.0000000e+000
  0.0000000e+000
  0.0000000e+000
  0.0000000e+000
  0.0000000e+000
  0.0000000e+000
  0.0000000e+000
  0.0000000e+000
  0.0000000e+000
  0.0000000e+000
  0.0000000e+000
  0.0000000e+000
  0.0000000e+000
  0.0000000e+000
  0.0000000e+000
  0.0000000e+000
  0.0000000e+000
  0.0000000e+000
  0.0000000e+000
  4.2813877e+000
  0.0000000e+000
  0.0000000e+000
  0.0000000e+000
  0.0000000e+000
  0.0000000e+000
  0.0000000e+000
  0.0000000e+000
  0.0000000e+000
  0.0000000e+000
  0.0000000e+000
  0.0000000e+000
  0.0000000e+000
  0.0000000e+000
  0.0000000e+000
  0.0000000e+000
  0.0000000e+000
  0.0000000e+000
  0.0000000e+000
  3.8226673e-001
  0.0000000e+000
  0.0000000e+000
  0.0000000e+000
  0.0000000e+000
  0.0000000e+000
  3.8226673e-001
  3.8226673e-001
  3.0581303e-001
  3.8226673e-001
  3.0581303e-001
  0.0000000e+000
  0.0000000e+000
  0.0000000e+000
  0.0000000e+000
  0.0000000e+000
  0.0000000e+000
  0.0000000e+000
  0.0000000e+000
  0.0000000e+000
  0.0000000e+000
  0.0000000e+000
  0.0000000e+000
  0.0000000e+000
  0.0000000e+000
  0.0000000e+000
  0.0000000e+000
  0.0000000e+000
  0.0000000e+000
  0.0000000e+000
  0.0000000e+000
  2.6376380e-001
  3.4403944e-001
  9.0757608e-001
  1.1468011e+000
  0.0000000e+000
  2.0823449e+000
  0.0000000e+000
  3.2970475e-001
  5.4454477e-001
  0.0000000e+000
  1.9572065e+000
  0.0000000e+000
  4.3960634e+000
  1.9113292e+000
  0.0000000e+000
  0.0000000e+000
  4.3960634e+000
  4.3960634e+000
  0.0000000e+000
  4.3960634e+000
  3.9564570e+000
  4.3960634e+000
  0.0000000e+000
  4.3960634e+000
  0.0000000e+000
  4.3960634e+000
  0.0000000e+000
  4.3960634e+000
  4.3960634e+000
  4.3960634e+000
  2.4294053e+000
  0.0000000e+000
  3.0581303e-001
  0.0000000e+000
  0.0000000e+000
  0.0000000e+000
  0.0000000e+000
  3.4191614e-001
  8.7921268e-001
  4.3960634e+000
  1.3188190e-001
  1.5290651e-001
  0.0000000e+000
  6.1261253e-001
  1.7016986e+000
  0.0000000e+000
  0.0000000e+000
  0.0000000e+000
  4.3960634e+000
  0.0000000e+000
  4.3960634e+000
  4.3960634e+000
  0.0000000e+000
  3.5168507e+000
  2.3445701e+000
  3.0630627e+000
  4.3960634e+000
  0.0000000e+000
  0.0000000e+000
  0.0000000e+000
  0.0000000e+000
  2.7227194e+000
  0.0000000e+000
  0.0000000e+000
  1.5290651e-001
  1.6050350e+000
  2.0421687e+000
  0.0000000e+000
  4.3960634e+000
  0.0000000e+000
  1.1344657e+000
  1.3379331e+000
  0.0000000e+000
  4.2202208e+000
  8.1681583e+000
  4.3960634e+000
  4.3960634e+000
  4.3960634e+000
  4.3960634e+000
  4.3960634e+000
  4.3960634e+000
  0.0000000e+000
  0.0000000e+000
  5.4708056e+000
  0.0000000e+000
  0.0000000e+000
  4.3960634e+000
  4.3960634e+000
  4.3960634e+000
  0.0000000e+000
  0.0000000e+000
  0.0000000e+000
  0.0000000e+000
  0.0000000e+000
  0.0000000e+000
  0.0000000e+000
  0.0000000e+000
  0.0000000e+000
  0.0000000e+000
  3.8226673e+000
  4.3960634e+000
  0.0000000e+000
  4.3960634e+000
  1.1568592e+000
  4.3960634e+000
  0.0000000e+000
  0.0000000e+000
  0.0000000e+000
  0.0000000e+000
  0.0000000e+000
  0.0000000e+000
  0.0000000e+000
  0.0000000e+000
  0.0000000e+000
  0.0000000e+000
  0.0000000e+000
  0.0000000e+000
  0.0000000e+000
  0.0000000e+000
  0.0000000e+000
  0.0000000e+000
  0.0000000e+000
  0.0000000e+000
  0.0000000e+000
  0.0000000e+000
  0.0000000e+000
  0.0000000e+000
  0.0000000e+000
  0.0000000e+000
  0.0000000e+000
  0.0000000e+000
  0.0000000e+000
  0.0000000e+000
  0.0000000e+000
  0.0000000e+000
  0.0000000e+000
  0.0000000e+000
  0.0000000e+000
  0.0000000e+000
  0.0000000e+000
  0.0000000e+000
  0.0000000e+000
  0.0000000e+000
  0.0000000e+000
  0.0000000e+000
  0.0000000e+000
  4.3960634e+000
  0.0000000e+000
  0.0000000e+000
  0.0000000e+000
  0.0000000e+000
  0.0000000e+000
  0.0000000e+000
  0.0000000e+000
  0.0000000e+000
  0.0000000e+000
  0.0000000e+000
  0.0000000e+000
  0.0000000e+000
  0.0000000e+000
  0.0000000e+000
  0.0000000e+000
  3.0705765e+000
  0.0000000e+000
  0.0000000e+000
  0.0000000e+000
  0.0000000e+000
  0.0000000e+000
  0.0000000e+000
  0.0000000e+000
  0.0000000e+000
  0.0000000e+000
  0.0000000e+000
  0.0000000e+000
  0.0000000e+000
  0.0000000e+000
  0.0000000e+000
  0.0000000e+000
  0.0000000e+000
  0.0000000e+000
  0.0000000e+000
  0.0000000e+000
  0.0000000e+000
  0.0000000e+000
  4.2813877e+000
  0.0000000e+000
  0.0000000e+000
  0.0000000e+000
  0.0000000e+000
  0.0000000e+000
  0.0000000e+000
  0.0000000e+000
  0.0000000e+000
  0.0000000e+000
  0.0000000e+000
  0.0000000e+000
  0.0000000e+000
  0.0000000e+000
  0.0000000e+000
  0.0000000e+000
  0.0000000e+000
  0.0000000e+000
  0.0000000e+000
  3.8226673e-001
  0.0000000e+000
  0.0000000e+000
  0.0000000e+000
  0.0000000e+000
  0.0000000e+000
  3.8226673e-001
  3.8226673e-001
  3.0581303e-001
  3.8226673e-001
  3.0581303e-001
  0.0000000e+000
  0.0000000e+000
  0.0000000e+000
  0.0000000e+000
  0.0000000e+000
  0.0000000e+000
  0.0000000e+000
  0.0000000e+000
  0.0000000e+000
  0.0000000e+000
  0.0000000e+000
  0.0000000e+000
  0.0000000e+000
  0.0000000e+000
  0.0000000e+000
  0.0000000e+000
  0.0000000e+000
  0.0000000e+000
  0.0000000e+000
  0.0000000e+000
