  2.3643668e-001
  3.0839540e-001
  8.1354710e-001
  1.0279873e+000
  0.0000000e+000
  1.8666046e+000
  0.0000000e+000
  2.9554585e-001
  4.8812747e-001
  0.0000000e+000
  1.7544311e+000
  0.0000000e+000
  3.9406114e+000
  1.7133069e+000
  0.0000000e+000
  0.0000000e+000
  3.9406114e+000
  3.9406114e+000
  0.0000000e+000
  3.9406114e+000
  3.5465503e+000
  3.9406114e+000
  0.0000000e+000
  3.9406114e+000
  0.0000000e+000
  3.9406114e+000
  0.0000000e+000
  3.9406114e+000
  3.9406114e+000
  3.9406114e+000
  2.1777080e+000
  0.0000000e+000
  2.7412942e-001
  0.0000000e+000
  0.0000000e+000
  0.0000000e+000
  0.0000000e+000
  3.0649208e-001
  7.8812228e-001
  3.9406114e+000
  1.1821834e-001
  1.3706471e-001
  0.0000000e+000
  5.4914311e-001
  1.5253949e+000
  0.0000000e+000
  0.0000000e+000
  0.0000000e+000
  3.9406114e+000
  0.0000000e+000
  3.9406114e+000
  3.9406114e+000
  0.0000000e+000
  3.1524891e+000
  2.1016620e+000
  2.7457156e+000
  3.9406114e+000
  0.0000000e+000
  0.0000000e+000
  0.0000000e+000
  0.0000000e+000
  2.4388224e+000
  0.0000000e+000
  0.0000000e+000
  1.3706471e-001
  1.2896856e+000
  1.8249381e+000
  0.0000000e+000
  3.9406114e+000
  0.0000000e+000
  1.0169299e+000
  1.1993172e+000
  0.0000000e+000
  3.7829869e+000
  7.3164673e+000
  3.9406114e+000
  3.9406114e+000
  3.9406114e+000
  3.9406114e+000
  3.9406114e+000
  3.9406114e+000
  0.0000000e+000
  0.0000000e+000
  0.0000000e+000
  0.0000000e+000
  3.9406114e+000
  3.9406114e+000
  3.9406114e+000
  3.9406114e+000
  0.0000000e+000
  0.0000000e+000
  0.0000000e+000
  0.0000000e+000
  0.0000000e+000
  0.0000000e+000
  0.0000000e+000
  0.0000000e+000
  0.0000000e+000
  0.0000000e+000
  3.4266217e+000
  3.9406114e+000
  0.0000000e+000
  3.9406114e+000
  1.0370034e+000
  3.9406114e+000
  0.0000000e+000
  0.0000000e+000
  0.0000000e+000
  0.0000000e+000
  0.0000000e+000
  0.0000000e+000
  0.0000000e+000
  0.0000000e+000
  0.0000000e+000
  0.0000000e+000
  0.0000000e+000
  0.0000000e+000
  0.0000000e+000
  0.0000000e+000
  0.0000000e+000
  0.0000000e+000
  0.0000000e+000
  0.0000000e+000
  0.0000000e+000
  0.0000000e+000
  0.0000000e+000
  0.0000000e+000
  0.0000000e+000
  0.0000000e+000
  0.0000000e+000
  0.0000000e+000
  0.0000000e+000
  0.0000000e+000
  0.0000000e+000
  0.0000000e+000
  0.0000000e+000
  0.0000000e+000
  0.0000000e+000
  0.0000000e+000
  0.0000000e+000
  0.0000000e+000
  0.0000000e+000
  0.0000000e+000
  0.0000000e+000
  0.0000000e+000
  0.0000000e+000
  3.9406114e+000
  0.0000000e+000
  0.0000000e+000
  0.0000000e+000
  0.0000000e+000
  0.0000000e+000
  0.0000000e+000
  0.0000000e+000
  0.0000000e+000
  0.0000000e+000
  0.0000000e+000
  0.0000000e+000
  0.0000000e+000
  0.0000000e+000
  0.0000000e+000
  0.0000000e+000
  2.7412942e+000
  0.0000000e+000
  0.0000000e+000
  0.0000000e+000
  0.0000000e+000
  0.0000000e+000
  0.0000000e+000
  0.0000000e+000
  0.0000000e+000
  0.0000000e+000
  0.0000000e+000
  0.0000000e+000
  0.0000000e+000
  0.0000000e+000
  0.0000000e+000
  0.0000000e+000
  0.0000000e+000
  0.0000000e+000
  0.0000000e+000
  0.0000000e+000
  0.0000000e+000
  0.0000000e+000
  3.8378166e+000
  0.0000000e+000
  0.0000000e+000
  0.0000000e+000
  0.0000000e+000
  0.0000000e+000
  0.0000000e+000
  0.0000000e+000
  0.0000000e+000
  0.0000000e+000
  0.0000000e+000
  0.0000000e+000
  0.0000000e+000
  0.0000000e+000
  0.0000000e+000
  0.0000000e+000
  0.0000000e+000
  0.0000000e+000
  0.0000000e+000
  3.4266217e-001
  0.0000000e+000
  0.0000000e+000
  0.0000000e+000
  0.0000000e+000
  0.0000000e+000
  3.4266217e-001
  3.4266217e-001
  2.7412942e-001
  3.4266217e-001
  2.7412942e-001
  0.0000000e+000
  0.0000000e+000
  0.0000000e+000
  0.0000000e+000
  0.0000000e+000
  0.0000000e+000
  0.0000000e+000
  0.0000000e+000
  0.0000000e+000
  0.0000000e+000
  0.0000000e+000
  0.0000000e+000
  0.0000000e+000
  0.0000000e+000
  0.0000000e+000
  0.0000000e+000
  0.0000000e+000
  0.0000000e+000
  0.0000000e+000
  0.0000000e+000
  2.3643668e-001
  3.0839540e-001
  8.1354710e-001
  1.0279873e+000
  0.0000000e+000
  1.8666046e+000
  0.0000000e+000
  2.9554585e-001
  4.8812747e-001
  0.0000000e+000
  1.7544311e+000
  0.0000000e+000
  3.9406114e+000
  1.7133069e+000
  0.0000000e+000
  0.0000000e+000
  3.9406114e+000
  3.9406114e+000
  0.0000000e+000
  3.9406114e+000
  3.5465503e+000
  3.9406114e+000
  0.0000000e+000
  3.9406114e+000
  0.0000000e+000
  3.9406114e+000
  0.0000000e+000
  3.9406114e+000
  3.9406114e+000
  3.9406114e+000
  2.1777080e+000
  0.0000000e+000
  2.7412942e-001
  0.0000000e+000
  0.0000000e+000
  0.0000000e+000
  0.0000000e+000
  3.0649208e-001
  7.8812228e-001
  3.9406114e+000
  1.1821834e-001
  1.3706471e-001
  0.0000000e+000
  5.4914311e-001
  1.5253949e+000
  0.0000000e+000
  0.0000000e+000
  0.0000000e+000
  3.9406114e+000
  0.0000000e+000
  3.9406114e+000
  3.9406114e+000
  0.0000000e+000
  3.1524891e+000
  2.1016620e+000
  2.7457156e+000
  3.9406114e+000
  0.0000000e+000
  0.0000000e+000
  0.0000000e+000
  0.0000000e+000
  2.4406334e+000
  0.0000000e+000
  0.0000000e+000
  1.3706471e-001
  1.4616202e+000
  1.8322986e+000
  0.0000000e+000
  3.9406114e+000
  0.0000000e+000
  1.0169299e+000
  1.1993172e+000
  0.0000000e+000
  3.7829869e+000
  7.3219003e+000
  3.9406114e+000
  3.9406114e+000
  3.9406114e+000
  3.9406114e+000
  3.9406114e+000
  3.9406114e+000
  0.0000000e+000
  0.0000000e+000
  4.9408782e+000
  0.0000000e+000
  0.0000000e+000
  3.9406114e+000
  3.9406114e+000
  3.9406114e+000
  0.0000000e+000
  0.0000000e+000
  0.0000000e+000
  0.0000000e+000
  0.0000000e+000
  0.0000000e+000
  0.0000000e+000
  0.0000000e+000
  0.0000000e+000
  0.0000000e+000
  3.4266217e+000
  3.9406114e+000
  0.0000000e+000
  3.9406114e+000
  1.0370034e+000
  3.9406114e+000
  0.0000000e+000
  0.0000000e+000
  0.0000000e+000
  0.0000000e+000
  0.0000000e+000
  0.0000000e+000
  0.0000000e+000
  0.0000000e+000
  0.0000000e+000
  0.0000000e+000
  0.0000000e+000
  0.0000000e+000
  0.0000000e+000
  0.0000000e+000
  0.0000000e+000
  0.0000000e+000
  0.0000000e+000
  0.0000000e+000
  0.0000000e+000
  0.0000000e+000
  0.0000000e+000
  0.0000000e+000
  0.0000000e+000
  0.0000000e+000
  0.0000000e+000
  0.0000000e+000
  0.0000000e+000
  0.0000000e+000
  0.0000000e+000
  0.0000000e+000
  0.0000000e+000
  0.0000000e+000
  0.0000000e+000
  0.0000000e+000
  0.0000000e+000
  0.0000000e+000
  0.0000000e+000
  0.0000000e+000
  0.0000000e+000
  0.0000000e+000
  0.0000000e+000
  3.9406114e+000
  0.0000000e+000
  0.0000000e+000
  0.0000000e+000
  0.0000000e+000
  0.0000000e+000
  0.0000000e+000
  0.0000000e+000
  0.0000000e+000
  0.0000000e+000
  0.0000000e+000
  0.0000000e+000
  0.0000000e+000
  0.0000000e+000
  0.0000000e+000
  0.0000000e+000
  2.7431158e+000
  0.0000000e+000
  0.0000000e+000
  0.0000000e+000
  0.0000000e+000
  0.0000000e+000
  0.0000000e+000
  0.0000000e+000
  0.0000000e+000
  0.0000000e+000
  0.0000000e+000
  0.0000000e+000
  0.0000000e+000
  0.0000000e+000
  0.0000000e+000
  0.0000000e+000
  0.0000000e+000
  0.0000000e+000
  0.0000000e+000
  0.0000000e+000
  0.0000000e+000
  0.0000000e+000
  3.8378166e+000
  0.0000000e+000
  0.0000000e+000
  0.0000000e+000
  0.0000000e+000
  0.0000000e+000
  0.0000000e+000
  0.0000000e+000
  0.0000000e+000
  0.0000000e+000
  0.0000000e+000
  0.0000000e+000
  0.0000000e+000
  0.0000000e+000
  0.0000000e+000
  0.0000000e+000
  0.0000000e+000
  0.0000000e+000
  0.0000000e+000
  3.4266217e-001
  0.0000000e+000
  0.0000000e+000
  0.0000000e+000
  0.0000000e+000
  0.0000000e+000
  3.4266217e-001
  3.4266217e-001
  2.7412942e-001
  3.4266217e-001
  2.7412942e-001
  0.0000000e+000
  0.0000000e+000
  0.0000000e+000
  0.0000000e+000
  0.0000000e+000
  0.0000000e+000
  0.0000000e+000
  0.0000000e+000
  0.0000000e+000
  0.0000000e+000
  0.0000000e+000
  0.0000000e+000
  0.0000000e+000
  0.0000000e+000
  0.0000000e+000
  0.0000000e+000
  0.0000000e+000
  0.0000000e+000
  0.0000000e+000
  0.0000000e+000
