  2.3931304e-001
  3.1214717e-001
  8.2344428e-001
  1.0404932e+000
  0.0000000e+000
  1.8893127e+000
  0.0000000e+000
  2.9914131e-001
  4.9406577e-001
  0.0000000e+000
  1.7757746e+000
  0.0000000e+000
  3.9885507e+000
  1.7341501e+000
  0.0000000e+000
  0.0000000e+000
  3.9885507e+000
  3.9885507e+000
  0.0000000e+000
  3.9885507e+000
  3.5896957e+000
  3.9885507e+000
  0.0000000e+000
  3.9885507e+000
  0.0000000e+000
  3.9885507e+000
  0.0000000e+000
  3.9885507e+000
  3.9885507e+000
  3.9885507e+000
  2.2042008e+000
  0.0000000e+000
  2.7746433e-001
  0.0000000e+000
  0.0000000e+000
  0.0000000e+000
  0.0000000e+000
  3.1022070e-001
  7.9771015e-001
  3.9885507e+000
  1.1965652e-001
  1.3873217e-001
  0.0000000e+000
  5.5582369e-001
  1.5439520e+000
  0.0000000e+000
  0.0000000e+000
  0.0000000e+000
  3.9885507e+000
  0.0000000e+000
  3.9885507e+000
  3.9885507e+000
  0.0000000e+000
  3.1908406e+000
  2.1272297e+000
  2.7791185e+000
  3.9885507e+000
  0.0000000e+000
  0.0000000e+000
  0.0000000e+000
  0.0000000e+000
  2.4703249e+000
  0.0000000e+000
  0.0000000e+000
  1.3873217e-001
  1.5140101e+000
  1.8231043e+000
  0.0000000e+000
  3.9885507e+000
  0.0000000e+000
  1.0293014e+000
  1.2139074e+000
  0.0000000e+000
  3.8290087e+000
  7.4109746e+000
  3.9885507e+000
  3.9885507e+000
  3.9885507e+000
  3.9885507e+000
  3.9885507e+000
  3.9885507e+000
  0.0000000e+000
  0.0000000e+000
  0.0000000e+000
  0.0000000e+000
  3.9885507e+000
  3.9885507e+000
  3.9885507e+000
  3.9885507e+000
  0.0000000e+000
  0.0000000e+000
  0.0000000e+000
  0.0000000e+000
  0.0000000e+000
  0.0000000e+000
  0.0000000e+000
  0.0000000e+000
  0.0000000e+000
  0.0000000e+000
  3.4683081e+000
  3.9885507e+000
  0.0000000e+000
  3.9885507e+000
  1.0496190e+000
  3.9885507e+000
  0.0000000e+000
  0.0000000e+000
  0.0000000e+000
  0.0000000e+000
  0.0000000e+000
  0.0000000e+000
  0.0000000e+000
  0.0000000e+000
  0.0000000e+000
  0.0000000e+000
  0.0000000e+000
  0.0000000e+000
  0.0000000e+000
  0.0000000e+000
  0.0000000e+000
  0.0000000e+000
  0.0000000e+000
  0.0000000e+000
  0.0000000e+000
  0.0000000e+000
  0.0000000e+000
  0.0000000e+000
  0.0000000e+000
  0.0000000e+000
  0.0000000e+000
  0.0000000e+000
  0.0000000e+000
  0.0000000e+000
  0.0000000e+000
  0.0000000e+000
  0.0000000e+000
  0.0000000e+000
  0.0000000e+000
  0.0000000e+000
  0.0000000e+000
  0.0000000e+000
  0.0000000e+000
  0.0000000e+000
  0.0000000e+000
  0.0000000e+000
  0.0000000e+000
  3.9885507e+000
  0.0000000e+000
  0.0000000e+000
  0.0000000e+000
  0.0000000e+000
  0.0000000e+000
  0.0000000e+000
  0.0000000e+000
  0.0000000e+000
  0.0000000e+000
  0.0000000e+000
  0.0000000e+000
  0.0000000e+000
  0.0000000e+000
  0.0000000e+000
  0.0000000e+000
  2.7746433e+000
  0.0000000e+000
  0.0000000e+000
  0.0000000e+000
  0.0000000e+000
  0.0000000e+000
  0.0000000e+000
  0.0000000e+000
  0.0000000e+000
  0.0000000e+000
  0.0000000e+000
  0.0000000e+000
  0.0000000e+000
  0.0000000e+000
  0.0000000e+000
  0.0000000e+000
  0.0000000e+000
  0.0000000e+000
  0.0000000e+000
  0.0000000e+000
  0.0000000e+000
  0.0000000e+000
  3.8845054e+000
  0.0000000e+000
  0.0000000e+000
  0.0000000e+000
  0.0000000e+000
  0.0000000e+000
  0.0000000e+000
  0.0000000e+000
  0.0000000e+000
  0.0000000e+000
  0.0000000e+000
  0.0000000e+000
  0.0000000e+000
  0.0000000e+000
  0.0000000e+000
  0.0000000e+000
  0.0000000e+000
  0.0000000e+000
  0.0000000e+000
  3.4683081e-001
  0.0000000e+000
  0.0000000e+000
  0.0000000e+000
  0.0000000e+000
  0.0000000e+000
  3.4683081e-001
  3.4683081e-001
  2.7746433e-001
  3.4683081e-001
  2.7746433e-001
  0.0000000e+000
  0.0000000e+000
  0.0000000e+000
  0.0000000e+000
  0.0000000e+000
  0.0000000e+000
  0.0000000e+000
  0.0000000e+000
  0.0000000e+000
  0.0000000e+000
  0.0000000e+000
  0.0000000e+000
  0.0000000e+000
  0.0000000e+000
  0.0000000e+000
  0.0000000e+000
  0.0000000e+000
  0.0000000e+000
  0.0000000e+000
  0.0000000e+000
  2.3931304e-001
  3.1214717e-001
  8.2344428e-001
  1.0404932e+000
  0.0000000e+000
  1.8893127e+000
  0.0000000e+000
  2.9914131e-001
  4.9406577e-001
  0.0000000e+000
  1.7757746e+000
  0.0000000e+000
  3.9885507e+000
  1.7341501e+000
  0.0000000e+000
  0.0000000e+000
  3.9885507e+000
  3.9885507e+000
  0.0000000e+000
  3.9885507e+000
  3.5896957e+000
  3.9885507e+000
  0.0000000e+000
  3.9885507e+000
  0.0000000e+000
  3.9885507e+000
  0.0000000e+000
  3.9885507e+000
  3.9885507e+000
  3.9885507e+000
  2.2042008e+000
  0.0000000e+000
  2.7746433e-001
  0.0000000e+000
  0.0000000e+000
  0.0000000e+000
  0.0000000e+000
  3.1022070e-001
  7.9771015e-001
  3.9885507e+000
  1.1965652e-001
  1.3873217e-001
  0.0000000e+000
  5.5582369e-001
  1.5439520e+000
  0.0000000e+000
  0.0000000e+000
  0.0000000e+000
  3.9885507e+000
  0.0000000e+000
  3.9885507e+000
  3.9885507e+000
  0.0000000e+000
  3.1908406e+000
  2.1272297e+000
  2.7791185e+000
  3.9885507e+000
  0.0000000e+000
  0.0000000e+000
  0.0000000e+000
  0.0000000e+000
  2.4703249e+000
  0.0000000e+000
  0.0000000e+000
  1.3873217e-001
  1.3212557e+000
  1.8140545e+000
  0.0000000e+000
  3.9885507e+000
  0.0000000e+000
  1.0293014e+000
  1.2139074e+000
  0.0000000e+000
  3.8290087e+000
  7.4109746e+000
  3.9885507e+000
  3.9885507e+000
  3.9885507e+000
  3.9885507e+000
  3.9885507e+000
  3.9885507e+000
  0.0000000e+000
  0.0000000e+000
  4.7029653e+000
  1.3173589e-003
  0.0000000e+000
  3.9885507e+000
  3.9885507e+000
  3.9885507e+000
  0.0000000e+000
  0.0000000e+000
  0.0000000e+000
  0.0000000e+000
  0.0000000e+000
  0.0000000e+000
  0.0000000e+000
  0.0000000e+000
  0.0000000e+000
  0.0000000e+000
  3.4683081e+000
  3.9885507e+000
  0.0000000e+000
  3.9885507e+000
  1.0496190e+000
  3.9885507e+000
  0.0000000e+000
  0.0000000e+000
  0.0000000e+000
  0.0000000e+000
  0.0000000e+000
  0.0000000e+000
  0.0000000e+000
  0.0000000e+000
  0.0000000e+000
  0.0000000e+000
  0.0000000e+000
  0.0000000e+000
  0.0000000e+000
  0.0000000e+000
  0.0000000e+000
  0.0000000e+000
  0.0000000e+000
  0.0000000e+000
  0.0000000e+000
  0.0000000e+000
  0.0000000e+000
  0.0000000e+000
  0.0000000e+000
  0.0000000e+000
  0.0000000e+000
  0.0000000e+000
  0.0000000e+000
  0.0000000e+000
  0.0000000e+000
  0.0000000e+000
  0.0000000e+000
  0.0000000e+000
  0.0000000e+000
  0.0000000e+000
  0.0000000e+000
  0.0000000e+000
  0.0000000e+000
  0.0000000e+000
  0.0000000e+000
  0.0000000e+000
  0.0000000e+000
  3.9885507e+000
  0.0000000e+000
  0.0000000e+000
  0.0000000e+000
  0.0000000e+000
  0.0000000e+000
  0.0000000e+000
  0.0000000e+000
  0.0000000e+000
  0.0000000e+000
  0.0000000e+000
  0.0000000e+000
  0.0000000e+000
  0.0000000e+000
  0.0000000e+000
  0.0000000e+000
  2.7746433e+000
  0.0000000e+000
  0.0000000e+000
  0.0000000e+000
  0.0000000e+000
  0.0000000e+000
  0.0000000e+000
  0.0000000e+000
  0.0000000e+000
  0.0000000e+000
  0.0000000e+000
  0.0000000e+000
  0.0000000e+000
  0.0000000e+000
  0.0000000e+000
  0.0000000e+000
  0.0000000e+000
  0.0000000e+000
  0.0000000e+000
  0.0000000e+000
  0.0000000e+000
  0.0000000e+000
  3.8845054e+000
  0.0000000e+000
  0.0000000e+000
  0.0000000e+000
  0.0000000e+000
  0.0000000e+000
  0.0000000e+000
  0.0000000e+000
  0.0000000e+000
  0.0000000e+000
  0.0000000e+000
  0.0000000e+000
  0.0000000e+000
  0.0000000e+000
  0.0000000e+000
  0.0000000e+000
  0.0000000e+000
  0.0000000e+000
  0.0000000e+000
  3.4683081e-001
  0.0000000e+000
  0.0000000e+000
  0.0000000e+000
  0.0000000e+000
  0.0000000e+000
  3.4683081e-001
  3.4683081e-001
  2.7746433e-001
  3.4683081e-001
  2.7746433e-001
  0.0000000e+000
  0.0000000e+000
  0.0000000e+000
  0.0000000e+000
  0.0000000e+000
  0.0000000e+000
  0.0000000e+000
  0.0000000e+000
  0.0000000e+000
  0.0000000e+000
  0.0000000e+000
  0.0000000e+000
  0.0000000e+000
  0.0000000e+000
  0.0000000e+000
  0.0000000e+000
  0.0000000e+000
  0.0000000e+000
  0.0000000e+000
  0.0000000e+000
