  8.0219204e-002
  1.0463365e-001
  2.7602358e-001
  3.4877973e-001
  0.0000000e+000
  6.3330922e-001
  0.0000000e+000
  1.0027400e-001
  1.6561388e-001
  0.0000000e+000
  5.9525056e-001
  0.0000000e+000
  1.3369867e+000
  5.8129776e-001
  0.0000000e+000
  0.0000000e+000
  1.3369867e+000
  1.3369867e+000
  0.0000000e+000
  1.3369867e+000
  1.2032881e+000
  1.3369867e+000
  0.0000000e+000
  1.3369867e+000
  0.0000000e+000
  1.3369867e+000
  0.0000000e+000
  1.3369867e+000
  1.3369867e+000
  1.3369867e+000
  7.3886165e-001
  0.0000000e+000
  9.3007749e-002
  0.0000000e+000
  0.0000000e+000
  0.0000000e+000
  0.0000000e+000
  1.0398789e-001
  2.6739735e-001
  1.3369867e+000
  4.0109602e-002
  4.6503875e-002
  0.0000000e+000
  1.8631552e-001
  5.1754221e-001
  0.0000000e+000
  0.0000000e+000
  0.0000000e+000
  1.3369867e+000
  0.0000000e+000
  1.3369867e+000
  1.3369867e+000
  0.0000000e+000
  1.0695894e+000
  7.1306048e-001
  9.3157759e-001
  1.3369867e+000
  0.0000000e+000
  0.0000000e+000
  0.0000000e+000
  0.0000000e+000
  3.9166070e-001
  0.0000000e+000
  0.0000000e+000
  4.6503875e-002
  1.4846046e-001
  5.4295954e-001
  0.0000000e+000
  1.3369867e+000
  0.0000000e+000
  3.4502814e-001
  4.0690924e-001
  0.0000000e+000
  1.2835073e+000
  7.8332140e-001
  1.3369867e+000
  1.3369867e+000
  1.3369867e+000
  1.3369867e+000
  1.3369867e+000
  1.3369867e+000
  0.0000000e+000
  0.0000000e+000
  0.0000000e+000
  0.0000000e+000
  1.3369867e+000
  1.3369867e+000
  1.3369867e+000
  1.3369867e+000
  0.0000000e+000
  0.0000000e+000
  0.0000000e+000
  0.0000000e+000
  0.0000000e+000
  0.0000000e+000
  0.0000000e+000
  0.0000000e+000
  0.0000000e+000
  0.0000000e+000
  1.1625982e+000
  1.3369867e+000
  0.0000000e+000
  1.3369867e+000
  3.5183875e-001
  1.3369867e+000
  0.0000000e+000
  0.0000000e+000
  0.0000000e+000
  0.0000000e+000
  0.0000000e+000
  0.0000000e+000
  0.0000000e+000
  0.0000000e+000
  0.0000000e+000
  0.0000000e+000
  0.0000000e+000
  0.0000000e+000
  0.0000000e+000
  0.0000000e+000
  0.0000000e+000
  0.0000000e+000
  0.0000000e+000
  0.0000000e+000
  0.0000000e+000
  0.0000000e+000
  0.0000000e+000
  0.0000000e+000
  0.0000000e+000
  0.0000000e+000
  0.0000000e+000
  0.0000000e+000
  0.0000000e+000
  0.0000000e+000
  0.0000000e+000
  0.0000000e+000
  0.0000000e+000
  0.0000000e+000
  0.0000000e+000
  0.0000000e+000
  0.0000000e+000
  0.0000000e+000
  0.0000000e+000
  0.0000000e+000
  0.0000000e+000
  0.0000000e+000
  0.0000000e+000
  1.3369867e+000
  0.0000000e+000
  0.0000000e+000
  0.0000000e+000
  0.0000000e+000
  0.0000000e+000
  0.0000000e+000
  0.0000000e+000
  0.0000000e+000
  0.0000000e+000
  0.0000000e+000
  0.0000000e+000
  0.0000000e+000
  0.0000000e+000
  0.0000000e+000
  0.0000000e+000
  9.3007749e-001
  0.0000000e+000
  0.0000000e+000
  0.0000000e+000
  0.0000000e+000
  0.0000000e+000
  0.0000000e+000
  0.0000000e+000
  0.0000000e+000
  0.0000000e+000
  0.0000000e+000
  0.0000000e+000
  0.0000000e+000
  0.0000000e+000
  0.0000000e+000
  0.0000000e+000
  0.0000000e+000
  0.0000000e+000
  0.0000000e+000
  0.0000000e+000
  0.0000000e+000
  0.0000000e+000
  1.3021101e+000
  0.0000000e+000
  0.0000000e+000
  0.0000000e+000
  0.0000000e+000
  0.0000000e+000
  0.0000000e+000
  0.0000000e+000
  0.0000000e+000
  0.0000000e+000
  0.0000000e+000
  0.0000000e+000
  0.0000000e+000
  0.0000000e+000
  0.0000000e+000
  0.0000000e+000
  0.0000000e+000
  0.0000000e+000
  0.0000000e+000
  1.1625982e-001
  0.0000000e+000
  0.0000000e+000
  0.0000000e+000
  0.0000000e+000
  0.0000000e+000
  1.1625982e-001
  1.1625982e-001
  9.3007749e-002
  1.1625982e-001
  9.3007749e-002
  0.0000000e+000
  0.0000000e+000
  0.0000000e+000
  0.0000000e+000
  0.0000000e+000
  0.0000000e+000
  0.0000000e+000
  0.0000000e+000
  0.0000000e+000
  0.0000000e+000
  0.0000000e+000
  0.0000000e+000
  0.0000000e+000
  0.0000000e+000
  0.0000000e+000
  0.0000000e+000
  0.0000000e+000
  0.0000000e+000
  0.0000000e+000
  0.0000000e+000
  8.0219204e-002
  1.0463365e-001
  2.7602358e-001
  3.4877973e-001
  0.0000000e+000
  6.3330922e-001
  0.0000000e+000
  1.0027400e-001
  1.6561388e-001
  0.0000000e+000
  5.9525056e-001
  0.0000000e+000
  1.3369867e+000
  5.8129776e-001
  0.0000000e+000
  0.0000000e+000
  1.3369867e+000
  1.3369867e+000
  0.0000000e+000
  1.3369867e+000
  1.2032881e+000
  1.3369867e+000
  0.0000000e+000
  1.3369867e+000
  0.0000000e+000
  1.3369867e+000
  0.0000000e+000
  1.3369867e+000
  1.3369867e+000
  1.3369867e+000
  7.3886165e-001
  0.0000000e+000
  9.3007749e-002
  0.0000000e+000
  0.0000000e+000
  0.0000000e+000
  0.0000000e+000
  1.0398789e-001
  2.6739735e-001
  1.3369867e+000
  4.0109602e-002
  4.6503875e-002
  0.0000000e+000
  1.8631552e-001
  5.1754221e-001
  0.0000000e+000
  0.0000000e+000
  0.0000000e+000
  1.3369867e+000
  0.0000000e+000
  1.3369867e+000
  1.3369867e+000
  0.0000000e+000
  1.0695894e+000
  7.1306048e-001
  9.3157759e-001
  1.3369867e+000
  0.0000000e+000
  0.0000000e+000
  0.0000000e+000
  0.0000000e+000
  8.2806808e-001
  0.0000000e+000
  0.0000000e+000
  4.6503875e-002
  5.9321073e-001
  6.1987988e-001
  0.0000000e+000
  1.3369867e+000
  0.0000000e+000
  3.4502814e-001
  4.0690924e-001
  7.7010436e+000
  1.2835073e+000
  1.6561362e+000
  1.3369867e+000
  1.3369867e+000
  1.3369867e+000
  1.3369867e+000
  1.3369867e+000
  1.3369867e+000
  0.0000000e+000
  0.0000000e+000
  1.8196359e+000
  0.0000000e+000
  0.0000000e+000
  1.3369867e+000
  1.3369867e+000
  1.3369867e+000
  0.0000000e+000
  0.0000000e+000
  0.0000000e+000
  0.0000000e+000
  0.0000000e+000
  0.0000000e+000
  0.0000000e+000
  0.0000000e+000
  0.0000000e+000
  0.0000000e+000
  1.1625982e+000
  1.3369867e+000
  0.0000000e+000
  1.3369867e+000
  3.5183875e-001
  1.3369867e+000
  0.0000000e+000
  0.0000000e+000
  0.0000000e+000
  0.0000000e+000
  0.0000000e+000
  0.0000000e+000
  0.0000000e+000
  0.0000000e+000
  0.0000000e+000
  0.0000000e+000
  0.0000000e+000
  0.0000000e+000
  0.0000000e+000
  0.0000000e+000
  0.0000000e+000
  0.0000000e+000
  0.0000000e+000
  0.0000000e+000
  0.0000000e+000
  0.0000000e+000
  0.0000000e+000
  0.0000000e+000
  0.0000000e+000
  0.0000000e+000
  0.0000000e+000
  0.0000000e+000
  0.0000000e+000
  0.0000000e+000
  0.0000000e+000
  0.0000000e+000
  0.0000000e+000
  0.0000000e+000
  0.0000000e+000
  0.0000000e+000
  0.0000000e+000
  0.0000000e+000
  0.0000000e+000
  0.0000000e+000
  0.0000000e+000
  0.0000000e+000
  0.0000000e+000
  1.3369867e+000
  0.0000000e+000
  0.0000000e+000
  0.0000000e+000
  0.0000000e+000
  0.0000000e+000
  0.0000000e+000
  0.0000000e+000
  0.0000000e+000
  0.0000000e+000
  0.0000000e+000
  0.0000000e+000
  0.0000000e+000
  0.0000000e+000
  0.0000000e+000
  0.0000000e+000
  7.8119879e-001
  0.0000000e+000
  0.0000000e+000
  0.0000000e+000
  0.0000000e+000
  0.0000000e+000
  0.0000000e+000
  0.0000000e+000
  0.0000000e+000
  0.0000000e+000
  0.0000000e+000
  0.0000000e+000
  0.0000000e+000
  0.0000000e+000
  0.0000000e+000
  0.0000000e+000
  0.0000000e+000
  0.0000000e+000
  0.0000000e+000
  0.0000000e+000
  0.0000000e+000
  0.0000000e+000
  1.3021101e+000
  0.0000000e+000
  0.0000000e+000
  0.0000000e+000
  0.0000000e+000
  0.0000000e+000
  0.0000000e+000
  0.0000000e+000
  0.0000000e+000
  0.0000000e+000
  0.0000000e+000
  0.0000000e+000
  0.0000000e+000
  0.0000000e+000
  0.0000000e+000
  0.0000000e+000
  0.0000000e+000
  0.0000000e+000
  0.0000000e+000
  1.1625982e-001
  0.0000000e+000
  0.0000000e+000
  0.0000000e+000
  0.0000000e+000
  0.0000000e+000
  1.1625982e-001
  1.1625982e-001
  9.3007749e-002
  1.1625982e-001
  9.3007749e-002
  0.0000000e+000
  0.0000000e+000
  0.0000000e+000
  0.0000000e+000
  0.0000000e+000
  0.0000000e+000
  0.0000000e+000
  0.0000000e+000
  0.0000000e+000
  0.0000000e+000
  0.0000000e+000
  0.0000000e+000
  0.0000000e+000
  0.0000000e+000
  0.0000000e+000
  0.0000000e+000
  0.0000000e+000
  0.0000000e+000
  0.0000000e+000
  0.0000000e+000
